70991.00
71017.00
71421.00
71332.00
71846.00
72014.00
72614.00
73065.00
72407.00
74907.00
74643.00
74832.00
75449.00
76724.00
77633.00
78612.00
80107.00
80093.00
81037.00
83629.00
83449.00
84900.00
85395.00
86412.00
87939.00
89875.00
91920.00
93204.00
94935.00
95484.00
97577.00
99987.00
99664.00
100571.00
101186.00
100323.00
100806.00
101778.00
102528.00
103267.00
104438.00
105364.00
106055.00
108742.00
110319.00
112157.00
114462.00
115640.00
116747.00
117778.00
117403.00
118952.00
120113.00
123305.00
124435.00
125978.00
127706.00
128211.00
129404.00
130168.00
131171.00
132204.00
133601.00
134400.00
